0.03917863
0.7896933
0.1263366
0.2812036
1.061852
0.8605482
0.02724205
0.1299379
0.1377325
0.2883669
0.8944387
1.14014
0.4350104
0.04561936
0.9678619
0.3530608
0.2600683
0.2457218
0.9137651
0.238562
0.08483661
0.5916749
0.2311149
0.08548471
0.02097365
0.1425511
0.05544512
1.397017
1.056594
0.113059
0.3757141
0.1268433
0.1973164
0.2441456
0.01168397
0.1315056
0.1227699
0.04715743
0.5190553
0.005215802
0.07372836
0.9327773
0.0210518
0.3136409
0.0908429
0.08725727
0.2168759
0.3996914
0.1179169
0.5534214
0.1788844
0.0292821
0.04446364
0.008826544
0.2993459
0.008686524
0.1633763
0.008247401
0.2424768
0.05835234
0.3092044
1.110609
0.01107689
0.147129
0.1115322
0.1126413
0.05141498
0.2634196
0.1853539
0.0672616
0.2665991
0.5777159
1.12291
0.04062115
0.1382023
0.2842348
0.3598446
0.1834887
0.08491272
0.2510491
0.009481492
0.8638418
0.5540508
0.7298154
0.09081199
0.2269584
0.6701363
0.268026
0.6697085
0.1437635
0.1071462
0.1064641
0.05220063
1.775937
0.3609471
0.7455643
0.4687053
0.0022028
0.4633041
0.4514026
0.3081575
0.01818533
0.1818892
1.447944
0.07845039
0.07133794
1.689631
0.8063133
0.1774644
0.01468133
0.07820881
0.8183416
0.9419531
0.1637869
0.3016003
0.2584496
0.3534521
0.3642829
0.4008186
0.5946545
0.4232845
0.007526373
0.1656995
0.4962137
0.1543792
0.3607327
0.41561
0.7922786
0.4109906
0.3014289
0.1660243
0.333477
0.7934363
0.1955936
0.3533537
0.01099094
0.4730384
0.3932375
0.4159229
0.1307623
0.3611977
1.286658
0.05904359
0.622146
0.5984705
0.3497282
0.7864699
0.2155753
0.01745202
0.3250053
0.05862114
1.065817
0.06855406
0.1391058
0.02296595
0.2917465
0.7720736
1.11144
0.386685
0.3566047
0.1173079
0.05711375
0.7364394
0.08091366
0.6655262
0.252696
0.08248266
0.2918472
0.239673
0.001627785
0.1510676
0.2083149
0.4397566
0.3345825
0.2992188
0.8089862
0.006553473
1.762914
0.3169961
0.2344775
0.2586045
0.1101556
0.04588132
0.7478068
0.1249738
0.01795253
0.7151714
0.1164755
0.2254052
0.2586567
0.02148071
0.3150867
0.1233116
0.3533593
0.0387418
